4 0.184072 0.403291 0.019056 0.031665
4 0.163491 0.498287 0.023630 0.032703
4 0.130524 0.485309 0.023249 0.039971
4 0.074689 0.599253 0.021343 0.025955
4 0.086695 0.570702 0.024011 0.029070
4 0.203700 0.585756 0.027060 0.032184
4 0.242575 0.574855 0.033920 0.046719
4 0.191504 0.556167 0.028584 0.028032
4 0.109943 0.547861 0.016388 0.022841
4 0.152248 0.367473 0.022486 0.032703
4 0.102321 0.393428 0.019437 0.030627
4 0.200460 0.148152 0.021343 0.031146
4 0.413699 0.374481 0.038494 0.040490
4 0.201032 0.470255 0.025535 0.023360
4 0.460959 0.412116 0.024011 0.035818
4 0.889418 0.629880 0.024773 0.040490
4 0.921242 0.653758 0.022105 0.034261
4 0.741161 0.932932 0.036969 0.030108
4 0.744401 0.887510 0.021343 0.031665
4 0.770126 0.909313 0.037731 0.039971
4 0.798520 0.776163 0.000000 0.000000