4 0.353171 0.443305 0.107853 0.070779
4 0.460542 0.463527 0.095334 0.065001
4 0.564062 0.537195 0.092445 0.069334
4 0.828398 0.445472 0.120372 0.095334
4 0.455727 0.598223 0.122298 0.091723
4 0.544802 0.666474 0.090520 0.052001
4 0.192835 0.752058 0.091482 0.080168
4 0.612692 0.728586 0.095334 0.083779
4 0.838895 0.584140 0.082816 0.060667
4 0.916895 0.550195 0.100149 0.072223
4 0.886080 0.262747 0.138668 0.080890
4 0.620781 0.278275 0.085705 0.065723
4 0.526410 0.405749 0.130001 0.067890
4 0.596225 0.180919 0.094371 0.065723
4 0.460446 0.239419 0.088594 0.064278
4 0.180221 0.305865 0.098223 0.061390
4 0.051591 0.417449 0.103182 0.080890
4 0.141220 0.520006 0.143483 0.078001
4 0.264962 0.406110 0.109779 0.059945
4 0.971929 0.227719 0.056141 0.059945