4 0.414652 0.516840 0.081911 0.062436
4 0.531504 0.533452 0.072746 0.049834
4 0.373697 0.451827 0.077901 0.056135
4 0.481957 0.480754 0.069882 0.049834
4 0.452744 0.409153 0.049261 0.037232
4 0.304388 0.419464 0.032077 0.040669
4 0.442147 0.321228 0.058999 0.075610
4 0.292072 0.383664 0.053271 0.046970
4 0.506014 0.235308 0.054989 0.056135
4 0.371978 0.379081 0.061863 0.044679
4 0.613787 0.291944 0.064784 0.078904
4 0.665282 0.178156 0.054817 0.052326
4 0.826827 0.144103 0.052326 0.055648
4 0.456811 0.041944 0.061462 0.057309
4 0.568522 0.435216 0.032392 0.033223
4 0.496678 0.441860 0.064784 0.051495
4 0.201412 0.219269 0.047342 0.043189
4 0.365864 0.296927 0.047342 0.045681