2 0.661337 0.573090 0.075997 0.126246
2 0.582226 0.578904 0.074751 0.137874
2 0.605897 0.440199 0.087209 0.132890
2 0.649502 0.273256 0.119601 0.127907
2 0.772218 0.579734 0.120847 0.139535
2 0.825789 0.650332 0.110880 0.111296
2 0.903654 0.539867 0.074751 0.106312
2 0.690615 0.372924 0.097176 0.137874
2 0.777201 0.383721 0.103405 0.142857
2 0.713040 0.457641 0.102159 0.151163
2 0.752326 0.240033 0.104651 0.091362
2 0.895287 0.313953 0.074128 0.099668
2 0.834863 0.501246 0.085341 0.137043
2 0.459614 0.103821 0.080357 0.071429
2 0.317276 0.034053 0.061047 0.066445
2 0.224460 0.472591 0.079734 0.084718
2 0.191134 0.623754 0.074128 0.117940
2 0.192068 0.203904 0.063538 0.100498
2 0.241591 0.352990 0.077865 0.099668
2 0.254672 0.553987 0.077865 0.102990
2 0.102367 0.579319 0.059801 0.100498
2 0.142234 0.534053 0.073505 0.107973
2 0.348422 0.700166 0.082226 0.083056
2 0.461171 0.726744 0.075997 0.104651
2 0.285195 0.899336 0.082849 0.111296
2 0.216051 0.952076 0.062915 0.088870
2 0.405731 0.935880 0.077243 0.099668
2 0.395453 0.815864 0.076620 0.112126
2 0.460756 0.858804 0.071013 0.136213
2 0.372924 0.308970 0.074751 0.106312
2 0.149294 0.321429 0.075997 0.107973