2 0.154481 0.264649 0.141509 0.191112
2 0.045991 0.347818 0.091981 0.212347
2 0.035377 0.215101 0.070754 0.176956
2 0.459906 0.399135 0.136792 0.176956
2 0.812500 0.777821 0.091981 0.198191
2 0.813090 0.481420 0.102594 0.168108
2 0.537736 0.227488 0.139151 0.123869
2 0.234670 0.111582 0.125000 0.185804
2 0.303066 0.390287 0.122642 0.166339
2 0.466392 0.686688 0.149764 0.207038
2 0.600236 0.775166 0.117925 0.171647
2 0.591981 0.456646 0.099057 0.182265
2 0.715802 0.374361 0.132075 0.169878
2 0.382665 0.223064 0.147406 0.143334
2 0.551887 0.345164 0.141509 0.146873
2 0.547759 0.139895 0.133255 0.118560