2 0.613995 0.602159 0.168189 0.210963
2 0.483181 0.567276 0.160714 0.204319
2 0.240241 0.575581 0.123339 0.147841
2 0.392234 0.627907 0.120847 0.129568
2 0.814576 0.951827 0.158223 0.096346
2 0.339378 0.414913 0.078904 0.140273
2 0.515873 0.427833 0.130122 0.162422
2 0.676795 0.556109 0.100360 0.164267
2 0.889973 0.531192 0.069906 0.147656
2 0.811070 0.503968 0.093439 0.130122
2 0.728359 0.366002 0.095515 0.167959
2 0.490264 0.255260 0.102436 0.105205
2 0.218946 0.431525 0.087209 0.086748
2 0.606889 0.346161 0.132198 0.106128