2 0.243355 0.534884 0.082226 0.119601
2 0.238372 0.417774 0.099668 0.137874
2 0.552949 0.719269 0.083472 0.136213
2 0.594061 0.524086 0.095930 0.137874
2 0.680025 0.186047 0.095930 0.139535
2 0.778447 0.258306 0.098422 0.151163
2 0.701827 0.380399 0.114618 0.136213
2 0.398463 0.740864 0.095930 0.099668
2 0.416528 0.609635 0.097176 0.119601
2 0.408430 0.487542 0.115864 0.157807
2 0.326827 0.687708 0.087209 0.146179
2 0.410922 0.269103 0.108389 0.096346
2 0.517442 0.464286 0.114618 0.141196
2 0.483804 0.370432 0.117110 0.102990
2 0.489410 0.668605 0.090947 0.161130
2 0.618038 0.382451 0.120188 0.084034
2 0.598617 0.632109 0.116523 0.114325
2 0.525699 0.316689 0.083545 0.092828