2 0.658194 0.856312 0.184419 0.181063
2 0.168384 0.421096 0.223333 0.214286
2 0.447551 0.084718 0.179343 0.129568
2 0.522841 0.366279 0.225025 0.171096
2 0.662424 0.414452 0.172576 0.157807
2 0.757172 0.585548 0.199646 0.207641
2 0.328270 0.664452 0.194571 0.192691
2 0.835000 0.739203 0.192879 0.149502
2 0.447551 0.240033 0.219949 0.191030
2 0.390025 0.433555 0.189495 0.176080
2 0.855303 0.444352 0.206414 0.197674
2 0.659886 0.242525 0.211490 0.146179
2 0.810467 0.256645 0.113359 0.171096
2 0.523687 0.770764 0.142121 0.205980
2 0.184457 0.661130 0.140429 0.172757