2 0.417774 0.601329 0.144518 0.186047
2 0.549834 0.307309 0.129568 0.152824
2 0.332434 0.169435 0.155731 0.146179
2 0.184178 0.622093 0.103405 0.174419
2 0.283846 0.767442 0.088455 0.136213
2 0.610880 0.658638 0.092193 0.127907
2 0.457641 0.435216 0.124585 0.132890
2 0.211586 0.441030 0.110880 0.144518
2 0.348630 0.356312 0.138289 0.151163
2 0.450166 0.114618 0.117110 0.109635
2 0.194767 0.304817 0.112126 0.141196
2 0.451412 0.236711 0.151993 0.131229
2 0.281354 0.668605 0.095930 0.167774
2 0.470100 0.747508 0.112126 0.132890
2 0.566030 0.538206 0.102159 0.169435