1 0.232374 0.363234 0.083056 0.077519
1 0.184385 0.300018 0.090439 0.067368
1 0.238834 0.216962 0.077519 0.074751
1 0.121632 0.402916 0.092285 0.094131
1 0.221299 0.459210 0.105205 0.099668
1 0.360188 0.341547 0.104282 0.093208
1 0.456626 0.205888 0.094131 0.095054
1 0.421096 0.423219 0.111665 0.108896
1 0.539221 0.436139 0.111665 0.097822
1 0.659653 0.370616 0.105205 0.095976
1 0.617663 0.230805 0.107973 0.098745
1 0.633813 0.467977 0.094131 0.095054
1 0.521687 0.537191 0.111665 0.087671
1 0.593208 0.601790 0.112588 0.095054
1 0.371262 0.593485 0.107973 0.096899
1 0.429402 0.522425 0.096899 0.076597
1 0.312200 0.647471 0.089516 0.088594
1 0.356958 0.721299 0.105205 0.083056
1 0.486619 0.810354 0.098745 0.096899
1 0.616740 0.730066 0.115356 0.102436
1 0.659192 0.642857 0.089516 0.094131
1 0.370340 0.250646 0.104282 0.088594
1 0.119786 0.253876 0.081211 0.080288
1 0.770856 0.235419 0.111665 0.087671
1 0.814230 0.384921 0.091362 0.115356
1 0.881598 0.404762 0.080288 0.116279
1 0.532761 0.172204 0.102436 0.086748
1 0.691953 0.171742 0.108896 0.076597
1 0.863141 0.277870 0.095054 0.063677
1 0.628276 0.535807 0.119970 0.084902
1 0.596438 0.818106 0.102436 0.085825
1 0.343300 0.433278 0.075674 0.087671