1 0.489974 0.200145 0.037637 0.021722
1 0.526186 0.202700 0.033645 0.020871
1 0.545289 0.334526 0.038777 0.028111
1 0.606591 0.366684 0.048472 0.037056
1 0.556124 0.384147 0.045620 0.036204
1 0.645369 0.335165 0.037067 0.028537
1 0.707526 0.377758 0.038207 0.037908
1 0.565818 0.412684 0.045620 0.030241
1 0.109045 0.516185 0.030794 0.023426
1 0.141264 0.522574 0.027942 0.028537
1 0.132710 0.492546 0.025661 0.020445
1 0.105623 0.497231 0.020529 0.017889
1 0.183178 0.541528 0.034215 0.019593
1 0.169492 0.523852 0.029653 0.025982
1 0.161223 0.491694 0.031364 0.017037
1 0.225947 0.490417 0.033075 0.023852
1 0.255030 0.475722 0.029653 0.019167
1 0.243054 0.511926 0.031934 0.020871
1 0.118739 0.541315 0.028513 0.020871
1 0.147537 0.547065 0.031364 0.020445
1 0.588632 0.299834 0.042997 0.032669
1 0.523766 0.320044 0.049669 0.026578
1 0.755431 0.372924 0.045962 0.021595
1 0.576029 0.783057 0.051893 0.038760
1 0.493742 0.803544 0.060789 0.042082
1 0.567875 0.858638 0.041515 0.038206
1 0.405153 0.668439 0.033360 0.026578
1 0.394033 0.695847 0.040773 0.027132
1 0.427763 0.713012 0.041515 0.029347
1 0.443331 0.672591 0.038549 0.035991
1 0.464830 0.710244 0.040032 0.028239
1 0.646826 0.616944 0.028912 0.022148
1 0.652386 0.566279 0.031136 0.019380
1 0.616803 0.562126 0.035584 0.024363
1 0.593080 0.581783 0.038549 0.021595
1 0.586408 0.622204 0.038549 0.028239
1 0.483734 0.590089 0.031877 0.019380
1 0.643861 0.641584 0.046704 0.030454
1 0.330649 0.498450 0.031136 0.015504