1 0.209151 0.173286 0.133645 0.091362
1 0.249924 0.083812 0.140441 0.083056
1 0.421512 0.030202 0.082679 0.043793
1 0.492865 0.078149 0.089474 0.056629
1 0.522878 0.035488 0.115524 0.064935
1 0.503058 0.141196 0.143839 0.055874
1 0.345062 0.211794 0.113259 0.082301
1 0.340532 0.134778 0.088342 0.077771
1 0.343363 0.043038 0.094005 0.077016
1 0.235767 0.023029 0.137043 0.043038
1 0.451525 0.185744 0.104198 0.075506
1 0.585171 0.120054 0.097403 0.067955
1 0.469647 0.362051 0.101933 0.065690
1 0.604425 0.327318 0.097403 0.061160
1 0.504757 0.289188 0.115524 0.084567
1 0.621413 0.248414 0.126850 0.083056
1 0.393763 0.289565 0.110994 0.071731
1 0.695598 0.379417 0.125717 0.077771
1 0.582339 0.438689 0.103066 0.069465
1 0.440199 0.465116 0.117789 0.081546
1 0.568182 0.496074 0.131380 0.073996
1 0.697297 0.450393 0.122320 0.071731
1 0.706358 0.301268 0.131380 0.083056
1 0.896972 0.508759 0.066823 0.060405
1 0.906599 0.567276 0.079281 0.047569
1 0.970855 0.546889 0.058290 0.050589
1 0.808064 0.521972 0.110994 0.061160
1 0.753133 0.566898 0.082679 0.064935
1 0.845439 0.588795 0.090607 0.061915
1 0.960397 0.604274 0.069088 0.050589
1 0.899237 0.647690 0.105331 0.083056
1 0.846572 0.431365 0.113259 0.067200
1 0.778617 0.464210 0.115524 0.072486
1 0.801269 0.640139 0.086077 0.066445
1 0.471685 0.516309 0.065690 0.058895
1 0.360692 0.522727 0.083812 0.056629
1 0.446768 0.585775 0.088342 0.061915
1 0.460926 0.655618 0.084944 0.052099
1 0.215154 0.587285 0.103066 0.067955
1 0.145134 0.621155 0.098864 0.064302
1 0.052299 0.657057 0.067517 0.067517
1 0.141116 0.671793 0.100472 0.050906
1 0.159602 0.549887 0.102079 0.052513
1 0.153574 0.502465 0.090023 0.049834
1 0.065561 0.502197 0.058675 0.066445
1 0.093291 0.536491 0.059479 0.053585
1 0.524515 0.634552 0.073143 0.068589
1 0.717019 0.692423 0.083592 0.048226
1 0.650305 0.722966 0.077162 0.069660
1 0.518085 0.726985 0.086004 0.056264
1 0.583994 0.756189 0.084396 0.068589
1 0.672409 0.775480 0.084396 0.062158
1 0.338442 0.760476 0.080377 0.079306
1 0.434894 0.786197 0.112528 0.075019
1 0.298253 0.824510 0.130211 0.062694
1 0.261280 0.885596 0.078770 0.058407
1 0.346078 0.899796 0.092434 0.075019
1 0.421632 0.862555 0.105294 0.080913
1 0.626996 0.967313 0.098060 0.065373
1 0.729879 0.961955 0.094845 0.075019
1 0.805434 0.931679 0.098060 0.072340
1 0.674017 0.908638 0.092434 0.068053
1 0.755600 0.871396 0.094845 0.079306
1 0.592434 0.892295 0.088415 0.080377