1 0.383721 0.759136 0.027182 0.027182
1 0.416944 0.771595 0.036243 0.032468
1 0.401465 0.802175 0.018876 0.021142
1 0.484521 0.430686 0.021897 0.027182
1 0.547946 0.403126 0.021897 0.029447
1 0.683479 0.463908 0.025672 0.027182
1 0.339172 0.438236 0.027182 0.030202
1 0.729915 0.265705 0.027937 0.026427
1 0.822788 0.540547 0.027937 0.040018
1 0.854123 0.541679 0.033223 0.037753
1 0.723120 0.766687 0.032468 0.036243
1 0.691030 0.748565 0.040773 0.034733
1 0.807460 0.655693 0.034733 0.036243
1 0.705905 0.425778 0.038508 0.046059
1 0.703639 0.489580 0.036998 0.037753
1 0.674947 0.291755 0.024917 0.022652
1 0.945636 0.389912 0.033223 0.030202