1 0.185291 0.172153 0.061411 0.045304
1 0.131934 0.176684 0.065438 0.048324
1 0.263314 0.129493 0.066445 0.036998
1 0.243179 0.163848 0.062418 0.049834
1 0.295027 0.189897 0.069465 0.047569
1 0.048982 0.190604 0.069853 0.037056
1 0.111452 0.136724 0.070988 0.028111
1 0.162280 0.120964 0.051112 0.032371
1 0.649544 0.365661 0.067013 0.048130
1 0.716841 0.405912 0.076668 0.069001
1 0.639322 0.428912 0.077235 0.081779
1 0.714570 0.461496 0.077803 0.055797
1 0.776472 0.416560 0.063038 0.047704
1 0.754323 0.366087 0.075532 0.053241
1 0.691853 0.329670 0.063038 0.042593
1 0.743817 0.315402 0.070421 0.036204
1 0.584235 0.376523 0.068149 0.058778
1 0.570321 0.317105 0.078939 0.048982
1 0.526876 0.361615 0.084050 0.040889
1 0.500185 0.408042 0.076100 0.053667
1 0.538802 0.498126 0.081779 0.053241
1 0.748360 0.595238 0.085186 0.071130
1 0.260244 0.466607 0.057359 0.037908
1 0.336059 0.410810 0.048840 0.030241
1 0.553000 0.619729 0.072692 0.050260
1 0.434591 0.669989 0.080075 0.063038
1 0.385751 0.652313 0.056223 0.049834
1 0.354516 0.732814 0.069853 0.054093
1 0.518642 0.695119 0.101655 0.073260
1 0.436863 0.763694 0.063038 0.060482
1 0.393134 0.775407 0.042593 0.063464
1 0.506432 0.765184 0.067013 0.066019
1 0.568901 0.780092 0.060198 0.041315
1 0.597865 0.670415 0.076100 0.054519
1 0.619161 0.727277 0.055087 0.054945
1 0.592164 0.279528 0.067209 0.040096
1 0.718945 0.254897 0.064154 0.042387
1 0.269867 0.081338 0.041242 0.033223