1 0.088245 0.054528 0.064904 0.065723
1 0.139241 0.072584 0.050334 0.051278
1 0.155467 0.027806 0.037751 0.033945
1 0.415085 0.378449 0.049672 0.049112
1 0.410118 0.421421 0.056957 0.038278
1 0.261434 0.592951 0.052321 0.041889
1 0.116061 0.608479 0.035764 0.033945
1 0.738282 0.715730 0.039075 0.041889
1 0.739276 0.760147 0.038413 0.045501
1 0.763118 0.801314 0.047685 0.039723
1 0.689935 0.800592 0.043049 0.036834
1 0.636290 0.593673 0.044373 0.040445
1 0.695896 0.590062 0.032452 0.041889
1 0.581320 0.576340 0.060268 0.057778
1 0.553504 0.627257 0.064242 0.068612
1 0.674703 0.876065 0.060268 0.062112
1 0.725368 0.837065 0.060931 0.053445
1 0.640926 0.823704 0.040400 0.057056
1 0.608474 0.777842 0.085435 0.053445
1 0.784312 0.744619 0.052983 0.056334
1 0.778351 0.855698 0.054308 0.059223
1 0.729010 0.901921 0.064242 0.072223
1 0.811002 0.802253 0.048347 0.052001
1 0.602712 0.636502 0.034439 0.062834
1 0.300452 0.378738 0.039605 0.036545
1 0.615768 0.137874 0.042651 0.043189
1 0.625670 0.083056 0.044175 0.039867
1 0.748293 0.168605 0.039605 0.054817
1 0.694978 0.166113 0.036558 0.036545
1 0.656135 0.200166 0.041128 0.051495
1 0.713257 0.220930 0.063977 0.056478
1 0.603582 0.193522 0.060931 0.068106
1 0.725444 0.049003 0.039605 0.028239
1 0.768857 0.074751 0.053314 0.043189
1 0.792467 0.134551 0.060931 0.056478
1 0.856445 0.298173 0.054838 0.051495
1 0.781043 0.210133 0.059407 0.064784
1 0.224289 0.083056 0.051791 0.049834