1 0.469706 0.232558 0.043277 0.048960
1 0.436921 0.284141 0.056391 0.068194
1 0.521835 0.228624 0.059670 0.048085
1 0.408070 0.239552 0.048522 0.048960
1 0.466100 0.315615 0.046555 0.057702
1 0.416594 0.347089 0.051145 0.059451
1 0.657895 0.476045 0.051145 0.072565
1 0.618880 0.527190 0.050490 0.064697
1 0.645764 0.584455 0.046555 0.058577
1 0.690680 0.574401 0.052457 0.075188
1 0.593635 0.578773 0.052457 0.076937
1 0.717564 0.522819 0.051145 0.064697
1 0.424790 0.777234 0.043933 0.061200
1 0.354957 0.761497 0.044588 0.061200
1 0.456264 0.709914 0.043933 0.059451
1 0.432659 0.665763 0.043933 0.048085
1 0.372333 0.689806 0.036064 0.050708
1 0.451019 0.611558 0.053112 0.062074
1 0.345777 0.829253 0.041965 0.070817
1 0.297255 0.514513 0.039343 0.049834
1 0.294304 0.583144 0.053112 0.068194
1 0.338237 0.535496 0.049178 0.053331
1 0.513245 0.171796 0.059014 0.055080
1 0.226537 0.481728 0.038621 0.036545
1 0.227782 0.519934 0.046096 0.043189
1 0.230897 0.577243 0.047342 0.058140