1 0.560884 0.076195 0.133853 0.068612
1 0.408253 0.095696 0.117483 0.070056
1 0.591218 0.192474 0.113631 0.097501
1 0.467957 0.154196 0.130964 0.098946
1 0.670182 0.139752 0.129038 0.084501
1 0.643218 0.053445 0.104001 0.063556
1 0.650922 0.247725 0.125187 0.096779
1 0.505032 0.249892 0.126150 0.098223
1 0.576292 0.308392 0.118446 0.086668
1 0.720256 0.216308 0.105927 0.074390
1 0.527180 0.031778 0.110742 0.033223
1 0.714960 0.105446 0.101112 0.067890
1 0.392364 0.613751 0.114594 0.067890
1 0.375512 0.741947 0.105927 0.075834
1 0.382734 0.819226 0.101112 0.074390
1 0.300881 0.852809 0.101112 0.083779
1 0.268140 0.763975 0.104964 0.102557
1 0.325437 0.674057 0.119409 0.084501
1 0.458809 0.674419 0.116520 0.082334
1 0.480476 0.765058 0.111705 0.098946
1 0.466994 0.861837 0.130964 0.084501
1 0.572440 0.808392 0.110742 0.094612
1 0.562328 0.710530 0.100149 0.104001
1 0.347585 0.912755 0.111705 0.091001
1 0.252732 0.660335 0.089557 0.077279
1 0.455920 0.931171 0.106890 0.077279