1 0.272252 0.552029 0.078958 0.104020
1 0.377102 0.481141 0.078445 0.110185
1 0.404532 0.602113 0.066653 0.108644
1 0.316858 0.662984 0.077933 0.117890
1 0.231491 0.645262 0.086649 0.120972
1 0.462469 0.529684 0.082034 0.116349
1 0.392227 0.689952 0.077933 0.093233
1 0.344545 0.568595 0.061526 0.114037
1 0.303784 0.473436 0.076395 0.119431
1 0.227646 0.483838 0.071780 0.103250
1 0.283019 0.354775 0.073831 0.110185
1 0.340187 0.372112 0.072293 0.109414
1 0.418632 0.420270 0.075369 0.102479
1 0.639356 0.542782 0.076907 0.111726
1 0.710111 0.577456 0.063577 0.120972
1 0.736003 0.474591 0.053835 0.117119
1 0.682680 0.454558 0.054861 0.120201
1 0.622949 0.443000 0.068704 0.115578
1 0.729338 0.386752 0.069217 0.092463
1 0.796760 0.474206 0.063577 0.110185
1 0.663454 0.357087 0.064602 0.105561
1 0.776251 0.584005 0.064602 0.120201
1 0.743437 0.670304 0.059475 0.114037
1 0.586034 0.567054 0.078958 0.123283
1 0.605773 0.351693 0.071267 0.111726
1 0.676528 0.645262 0.074344 0.097856
1 0.782916 0.717691 0.060500 0.130218