1 0.402824 0.314784 0.131229 0.117940
1 0.544850 0.342193 0.142857 0.112957
1 0.581395 0.491694 0.159468 0.126246
1 0.458472 0.435216 0.169435 0.122924
1 0.298173 0.448505 0.171096 0.132890
1 0.203488 0.357143 0.207641 0.106312
1 0.205150 0.520764 0.121262 0.137874
1 0.491694 0.633721 0.176080 0.197674
1 0.310631 0.611296 0.192691 0.186047
1 0.383721 0.771595 0.192691 0.154485
1 0.598837 0.745017 0.141196 0.161130
1 0.657807 0.621262 0.156146 0.159468
1 0.745847 0.508306 0.172757 0.159468
1 0.678571 0.382890 0.197674 0.121262
1 0.756645 0.704319 0.161130 0.139535