1 0.369444 0.500475 0.150240 0.091362
1 0.334872 0.601922 0.164752 0.105600
1 0.357920 0.698327 0.163044 0.101448
1 0.511575 0.677563 0.144264 0.115686
1 0.583280 0.745195 0.151094 0.118059
1 0.701509 0.671334 0.136582 0.118652
1 0.788580 0.586201 0.139996 0.105007
1 0.762544 0.462209 0.134021 0.084836
1 0.666083 0.383602 0.123777 0.091362
1 0.451820 0.371144 0.139143 0.079497
1 0.312251 0.437292 0.150240 0.064665
1 0.250362 0.527468 0.137435 0.077717
1 0.791141 0.674300 0.088778 0.098481
1 0.546574 0.365211 0.111826 0.090176