1 0.514027 0.402270 0.070137 0.044850
1 0.441307 0.434385 0.088594 0.039313
1 0.514766 0.454596 0.089332 0.045404
1 0.588963 0.418051 0.076781 0.045404
1 0.608158 0.471207 0.073828 0.049834
1 0.567922 0.524086 0.087855 0.081395
1 0.470838 0.502215 0.112219 0.068660
1 0.662791 0.514120 0.079734 0.072536
1 0.507752 0.562569 0.091547 0.063123
1 0.521410 0.619324 0.080472 0.061462
1 0.591547 0.617110 0.068660 0.071429
1 0.428018 0.617940 0.097453 0.074197
1 0.487080 0.670819 0.109265 0.059247
1 0.457918 0.727852 0.112957 0.073643
1 0.554633 0.725914 0.083426 0.074197
1 0.632890 0.670543 0.089332 0.056478
1 0.669066 0.732558 0.092285 0.073090
1 0.596715 0.775194 0.096715 0.079734
1 0.718162 0.660576 0.094500 0.074197
1 0.657623 0.616279 0.088594 0.057586
1 0.661683 0.447674 0.093762 0.054817