0 0.455703 0.622924 0.070875 0.049834
0 0.467885 0.875415 0.086379 0.049834
0 0.732558 0.812292 0.062016 0.049834
0 0.801218 0.574751 0.070875 0.063123
0 0.742525 0.501661 0.050941 0.043189
0 0.652824 0.475083 0.053156 0.035916
0 0.693813 0.430861 0.028134 0.023795
0 0.629164 0.549385 0.050881 0.065996
0 0.523510 0.617626 0.059861 0.045344
0 0.635449 0.638727 0.056269 0.046242
0 0.723444 0.653542 0.050283 0.028284
0 0.854539 0.346233 0.032325 0.031427
0 0.897938 0.624809 0.055670 0.048936
0 0.965580 0.684296 0.041304 0.047589
0 0.135734 0.811260 0.077819 0.063751
0 0.197689 0.612822 0.082009 0.039508
0 0.162970 0.560070 0.079614 0.035467
0 0.134537 0.406752 0.034719 0.025141
0 0.167759 0.386549 0.046093 0.040406
0 0.593966 0.322573 0.036515 0.017509
0 0.578103 0.363653 0.041902 0.021550
0 0.286203 0.461599 0.042994 0.026383
0 0.881278 0.280096 0.039737 0.029803
0 0.666634 0.292799 0.046902 0.030780