0 0.474646 0.441673 0.142689 0.188768
0 0.665684 0.696191 0.114387 0.222703
0 0.717571 0.422584 0.104953 0.197252
0 0.606722 0.320777 0.076651 0.116654
0 0.868514 0.545601 0.086085 0.154832
0 0.830778 0.286841 0.081368 0.142106
0 0.928656 0.236998 0.074292 0.131501
0 0.781840 0.124586 0.082547 0.127259
0 0.695755 0.037625 0.070755 0.072113
0 0.643868 0.165945 0.068396 0.137864
0 0.575472 0.207304 0.061321 0.114533
0 0.474646 0.142614 0.086085 0.133622
0 0.370283 0.216849 0.073113 0.133622
0 0.238208 0.480911 0.089623 0.144227
0 0.270047 0.344108 0.082547 0.137864
0 0.164505 0.445915 0.076651 0.125138
0 0.168042 0.269873 0.088443 0.142106
0 0.031840 0.212607 0.063679 0.133622
0 0.042453 0.584839 0.084906 0.161195
0 0.232311 0.811785 0.103774 0.212098
0 0.403302 0.809664 0.082547 0.182405
0 0.525354 0.057775 0.071934 0.086960
0 0.392689 0.067319 0.068396 0.123017