0 0.704599 0.154143 0.053066 0.096124
0 0.629717 0.415185 0.056604 0.086700
0 0.647995 0.526387 0.050708 0.079161
0 0.454009 0.346391 0.054245 0.084815
0 0.400354 0.273827 0.057783 0.086700
0 0.337264 0.269115 0.051887 0.088585
0 0.251769 0.210687 0.064858 0.084815
0 0.145047 0.080637 0.042453 0.077276
0 0.060142 0.370893 0.049528 0.077276
0 0.251179 0.480210 0.054245 0.077276
0 0.331368 0.406704 0.042453 0.065967
0 0.277123 0.367123 0.056604 0.073506
0 0.409788 0.631934 0.057783 0.064082
0 0.449882 0.517905 0.050708 0.065967
0 0.471108 0.452881 0.038915 0.067852
0 0.307193 0.739367 0.043632 0.056543
0 0.366745 0.845857 0.054245 0.077276
0 0.426297 0.803449 0.043632 0.060313
0 0.445755 0.711095 0.033019 0.056543
0 0.365566 0.960153 0.070755 0.079694
0 0.049528 0.750675 0.049528 0.082930
0 0.098467 0.428378 0.043632 0.060313
0 0.542895 0.561886 0.041765 0.059685
0 0.508746 0.611754 0.038325 0.047905
0 0.521767 0.661229 0.036851 0.044763
0 0.467227 0.622749 0.036851 0.054187
0 0.578518 0.657303 0.038325 0.063611
0 0.616844 0.619215 0.036360 0.076962
0 0.535770 0.429559 0.047170 0.071464
0 0.515625 0.341603 0.046187 0.079318
0 0.414652 0.369874 0.043730 0.066753
0 0.369693 0.544609 0.029481 0.053402
0 0.281987 0.441339 0.046678 0.065182
0 0.058962 0.046714 0.039308 0.050261
0 0.049135 0.255217 0.034395 0.054187
0 0.050609 0.188465 0.036360 0.046334
0 0.176395 0.150769 0.033412 0.043193
0 0.261154 0.284667 0.060436 0.076962
0 0.161409 0.188857 0.035869 0.058114
0 0.106869 0.371838 0.039800 0.067538
0 0.359178 0.174721 0.029481 0.067538
0 0.588640 0.135848 0.049135 0.073035
0 0.575373 0.211632 0.041274 0.047119
0 0.678312 0.422098 0.045696 0.069108
0 0.727693 0.313724 0.045204 0.072250
0 0.785181 0.307441 0.041274 0.056543
0 0.821787 0.224982 0.058471 0.086386
0 0.757665 0.113859 0.045204 0.066753
0 0.905071 0.032971 0.047170 0.062041
0 0.895833 0.367126 0.064858 0.097380
0 0.964131 0.411889 0.069772 0.114657
0 0.814023 0.490029 0.049627 0.063611
0 0.844241 0.550499 0.044222 0.073035
0 0.783559 0.665941 0.036851 0.066753
0 0.748673 0.616466 0.041765 0.077747
0 0.660967 0.764892 0.053066 0.076176
0 0.661213 0.861094 0.033903 0.056543
0 0.722386 0.823006 0.030464 0.054187
0 0.784788 0.806514 0.052083 0.076176
0 0.838591 0.748400 0.055523 0.084030
0 0.885515 0.820257 0.044222 0.056543
0 0.903204 0.685574 0.042256 0.074606
0 0.975432 0.731516 0.049135 0.078532
0 0.943249 0.504165 0.047661 0.069894
0 0.970028 0.570917 0.056014 0.085600
0 0.374670 0.445172 0.042925 0.054282
0 0.486226 0.116316 0.040566 0.060313
0 0.415472 0.025470 0.043396 0.047496
0 0.216179 0.131017 0.043868 0.067098
0 0.242594 0.019332 0.051415 0.038663
0 0.140802 0.325903 0.031604 0.048250
0 0.085142 0.579971 0.027830 0.052774
0 0.084316 0.223880 0.034198 0.043350
0 0.718160 0.912766 0.030660 0.049004