0 0.480542 0.442020 0.097877 0.159198
0 0.278302 0.329992 0.075472 0.127752
0 0.221698 0.640527 0.091981 0.131682
0 0.047170 0.504914 0.091981 0.147406
0 0.063090 0.298546 0.086085 0.112028
0 0.199882 0.241549 0.081368 0.143475
0 0.590212 0.885220 0.083726 0.157233
0 0.440448 0.732901 0.093160 0.135613
0 0.696344 0.192414 0.060142 0.167060
0 0.629717 0.215016 0.089623 0.133648
0 0.601415 0.343750 0.089623 0.131682
0 0.776533 0.421384 0.090802 0.141509
0 0.954599 0.733884 0.057783 0.133648
0 0.893278 0.124607 0.055425 0.121855
0 0.951651 0.081368 0.061321 0.117925